2.261870269168005681e-14
2.824915410703639036e-14
3.520245017394938784e-14
4.375391483991896679e-14
5.424219092916537824e-14
6.704847397164037386e-14
8.261676365186771298e-14
1.014509751092424116e-13
1.241185553066800587e-13
1.512351944210060675e-13
1.834170606234162395e-13
2.212937373460826309e-13
2.654071101191301184e-13
3.161803490764775563e-13
3.736686046922679151e-13
4.377535910127042893e-13
5.074117849572918090e-13
5.810534529347072689e-13
6.558357949925387303e-13
7.280342943852353643e-13
7.945703003328245685e-13
8.540399613105104851e-13
9.030559333646381273e-13
9.382847555701431986e-13
9.575033087538032143e-13
9.593428312299429384e-13
9.440286638072551593e-13
9.132748037737483547e-13
8.699398881339714997e-13
8.175501389556770904e-13
7.600683086493966467e-13
7.010164424531743092e-13
6.436631975065723234e-13
5.902864225820571213e-13
5.425019786089413424e-13
5.010000744681297614e-13
4.668446389222833543e-13
4.387819096159551436e-13
4.101846993169082644e-13
3.582420105013789639e-13
2.914190359245751344e-13
2.287634366385710524e-13
1.736637686332422688e-13
1.280924936751000558e-13
9.223706558696677280e-14
6.511698025604803608e-14
4.524204141073835012e-14
3.102781381822819365e-14
2.107183214142931843e-14
1.420058554502124234e-14
9.515577915112867337e-15
6.350645312505508238e-15
4.232575089201227784e-15
2.896445010006041167e-15
1.718762526649511196e-15
1.008359576263561464e-15
5.864043048580148358e-16
3.377958507416754803e-16
1.925393833963462915e-16
0.000000000000000000e+00
