3.237648060075077408e-14 8.535799727675755083e-15 3.306550167987852910e-15 1.135205575200485221e-15 4.396417941219869193e-16 1.661016692047612995e-16 5.887795850195193772e-17 2.074397091619887794e-17 4.950992298409024542e-18 1.908023521538954024e-18
4.052864363570502149e-14 1.047512708933413514e-14 4.005638078504862948e-15 1.373008511226696725e-15 5.330472303575113282e-16 2.016896336592603095e-16 7.131455470194041934e-17 2.503203342964715538e-17 5.744109203545595832e-18 2.212762045961522280e-18
5.065609362144444382e-14 1.285390902151515413e-14 4.850511220739196374e-15 1.658279733308017453e-15 6.452190149351065667e-16 2.445332952402160835e-16 8.631488436313771317e-17 3.019938950721020507e-17 6.641623252904477979e-18 2.557410960870327026e-18
6.318901498771662864e-14 1.576686405289367437e-14 5.870078072989369148e-15 1.999561180290499092e-15 7.794102627675123273e-16 2.959235474405949150e-16 1.043202906425239869e-16 3.640705664448039389e-17 7.647472260215239132e-18 2.943352710361363867e-18
7.863081742379381164e-14 1.932447244755924323e-14 7.098109035831045103e-15 2.406704725625943948e-15 9.394183284662158620e-16 3.573203029622901422e-16 1.258804624078283844e-16 4.384231496013011024e-17 8.763102139750667327e-18 3.371070156584937028e-18
9.757692021347928988e-14 2.365645301215607352e-14 8.572869943015571502e-15 2.890780630536274244e-15 1.129398446551391857e-15 4.303599779007998240e-16 1.515680418496896919e-16 5.270235757518005206e-17 9.987518121518551929e-18 3.840179203418595074e-18
1.206709963656813847e-13 2.890720198731955208e-14 1.033697387236600577e-14 3.464434774377763971e-15 1.354074472552512217e-15 5.168533191615407481e-16 1.820555684407222042e-16 6.322744511659964251e-17 1.132143649214727679e-17 4.350331037476227205e-18
1.487280817470395130e-13 3.524446991534182662e-14 1.244097874010978015e-14 4.141327854243102336e-15 1.618398805108174768e-15 6.187258395180088046e-16 2.180319317193458239e-16 7.566028889266876411e-17 1.275727990414669281e-17 4.899400179940630317e-18
1.825767074015588612e-13 4.284539622650536422e-14 1.493350821901565176e-14 4.934599484400727072e-15 1.927248394715822524e-15 7.379102824107886494e-16 2.602361724518186077e-16 9.025997161773657461e-17 1.428975836820359596e-17 5.484518300648582848e-18
2.231556497626666840e-13 5.189925600817633492e-14 1.786911261271141364e-14 5.859860051260627848e-15 2.286126656793818171e-15 8.764991901178388504e-16 3.094095204411856669e-16 1.072922217285919725e-16 1.590119679982983296e-17 6.099035070523049731e-18
2.713275247827887033e-13 6.259095223620728964e-14 2.129790913023932221e-14 6.931237639128239108e-15 2.700041160102914969e-15 1.036467860784664016e-15 3.662251916035217186e-16 1.270006146530575002e-16 1.756925913857456160e-17 6.734185385220921743e-18
3.280610799823249467e-13 7.508660045681133123e-14 2.526422075090241903e-14 8.159739867187675732e-15 3.172591529104794203e-15 1.218982271907973030e-15 4.312573908146858518e-16 1.495880115792441339e-16 1.926956858552152804e-17 7.377899295876074044e-18
3.939927009336407506e-13 8.950319128579883780e-14 2.979668139143495947e-14 9.553852825474814501e-15 3.705971131627628644e-15 1.424951533083356853e-15 5.048411293707652260e-16 1.751803177866608963e-16 2.096688938837948242e-17 8.016358027820214097e-18
4.696942687965053132e-13 1.058907177482318873e-13 3.489781942039257470e-14 1.111490265226267587e-14 4.301117363547016472e-15 1.654874656236422479e-15 5.871436733522989701e-16 2.038631434629239510e-16 2.262873878995581676e-17 8.635344830402815733e-18
5.552388024104641614e-13 1.241724731305623038e-13 4.052975745071803675e-14 1.283182619150390651e-14 4.952564199136633736e-15 1.906544109669907527e-15 6.775113790125602106e-16 2.354126837476800816e-16 2.421473651040024297e-17 9.217759995965706644e-18
6.500845983489656954e-13 1.441367208473752140e-13 4.659254193168045204e-14 1.467848484481640461e-14 5.651537123062762771e-15 2.177065887032724203e-15 7.750594458817161618e-16 2.695448307670868709e-16 2.569337004862960319e-17 9.749333174581714807e-18
7.527962482617855005e-13 1.652915717723373582e-13 5.289895180738027962e-14 1.660580669808388106e-14 6.381192738997972470e-15 2.460323091068369260e-15 8.776477752971537256e-16 3.055425969035903967e-16 2.703528695495763074e-17 1.021621078091985630e-17
8.607194606525237922e-13 1.866826737361768464e-13 5.913347856186407325e-14 1.853543187914457933e-14 7.115433550949222806e-15 2.746956088996141646e-15 9.824052665956924439e-16 3.424675786880469208e-16 2.820555354993714550e-17 1.060276184970332257e-17
9.697283506455841814e-13 2.070218962379968585e-13 6.483545381822297341e-14 2.035067550213375950e-14 7.815066485743554299e-15 3.023688476805405913e-15 1.084855219036438663e-15 3.788241341139446821e-16 2.918251887162400733e-17 1.089726139858296591e-17
1.073969689743306287e-12 2.244116519854982430e-13 6.930281892417652870e-14 2.188579929911807648e-14 8.426550804979343167e-15 3.272516473609362488e-15 1.179406409118162001e-15 4.127732533294229064e-16 2.995431986614104993e-17 1.108754476041418715e-17
1.169313781588580367e-12 2.379966215474490633e-13 7.223964553712438186e-14 2.304312852964693628e-14 8.912468218617943077e-15 3.478516868059288322e-15 1.260587676322350638e-15 4.423849178546030882e-16 3.052374636477590109e-17 1.116491189928557522e-17
1.252839227586480985e-12 2.473634403964744781e-13 7.362340750895965637e-14 2.377306020014050614e-14 9.246671227143906815e-15 3.629406836342906831e-15 1.323202310539844401e-15 4.657402912764904399e-16 3.090915483453264490e-17 1.112202477990402333e-17
1.318921097236976463e-12 2.513595659330304713e-13 7.314202707585912312e-14 2.396297470951720026e-14 9.386670634022466269e-15 3.708604418733657708e-15 1.361250353155457937e-15 4.807627267860984806e-16 3.108036261722829935e-17 1.096229025503394442e-17
1.363123205764390843e-12 2.490105384060977259e-13 7.053650381394832295e-14 2.352172770545600354e-14 9.296225855499935027e-15 3.701677964424116751e-15 1.369156777238371850e-15 4.854670914840053413e-16 3.104849090160627508e-17 1.077852445390070941e-17
1.381766246607568259e-12 2.399048428337656364e-13 6.576726360320528132e-14 2.239691386117741099e-14 8.952584076541210247e-15 3.599111879102396867e-15 1.343183376659058546e-15 4.785352522940085468e-16 3.079428378274102721e-17 1.060880671009408551e-17
1.373047366915552899e-12 2.241593630553710137e-13 5.891727715683979252e-14 2.058838594779784982e-14 8.350134817788731160e-15 3.397527271701635202e-15 1.281865101039444895e-15 4.592457675382684222e-16 3.010425930838206678e-17 1.034108807828569427e-17
1.338403546712048812e-12 2.025943684068389385e-13 5.033769002969326337e-14 1.815767149499591252e-14 7.503899294268006938e-15 3.100642856800878047e-15 1.186039697467677505e-15 4.278289645191912318e-16 2.888235931323711620e-17 9.916459869252978541e-18
1.281449788066710844e-12 1.768629293584263735e-13 4.056691892931558615e-14 1.523162550014398544e-14 6.452943126410833279e-15 2.721282089691638940e-15 1.059829279858397139e-15 3.856881640654020190e-16 2.714577263980633728e-17 9.330809470533942514e-18
1.207329771016686858e-12 1.491808501232839774e-13 3.037288592838665672e-14 1.201099718948808867e-14 5.260659174685748506e-15 2.280274376616561649e-15 9.096151308857058744e-16 3.349027489969577647e-16 2.497880805122424904e-17 8.607174244202017737e-18
1.121780998818147387e-12 1.223539176543337151e-13 2.078137137798916519e-14 8.782806802900967554e-15 4.021370755402453925e-15 1.808711704162413373e-15 7.449639801845044618e-16 2.785917314632973300e-16 2.250955176332629436e-17 7.785888306430235276e-18
1.032487767763917407e-12 9.965798063692214142e-14 1.291183357433234990e-14 5.897442370478979190e-15 2.855165298402968715e-15 1.346783569386196711e-15 5.782861739574212860e-16 2.206805325371618285e-16 1.987925337635645833e-17 6.913526849335030611e-18
9.458284432336104195e-13 8.300168030282493313e-14 7.399723358846718147e-15 3.644353381532287689e-15 1.878521699111135684e-15 9.374880467324564152e-16 4.234180525694849305e-16 1.656504788497182083e-16 1.722801089847813162e-17 6.037831052707731207e-18
8.655760625114465179e-13 7.206678056494373592e-14 4.028444773885205797e-15 2.109982768578439040e-15 1.153864452879754450e-15 6.110943366069566451e-16 2.920449739199714715e-16 1.175555938610797612e-16 1.467760588297512223e-17 5.199610606956688875e-18
7.937944734117784399e-13 6.537222888254629732e-14 2.135144555644570938e-15 1.172649929388432277e-15 6.730621121169969367e-16 3.763352537178209183e-16 1.904136501693005256e-16 7.896422264968195315e-17 1.232924874077771020e-17 4.431923889408724684e-18
7.313771957066821633e-13 6.136620638091261697e-14 1.115446867206143577e-15 6.360362841519928240e-16 3.790608720673542469e-16 2.215893893774308542e-16 1.181144634000470737e-16 5.040420053134852733e-17 1.025100467051754680e-17 3.755840252821576417e-18
6.783976501188168146e-13 5.896108046754217281e-14 5.754774570901278904e-16 3.385920923411067623e-16 2.079342421131690230e-16 1.258981079318532549e-16 7.014398911622881186e-17 3.071024282940448503e-17 8.478303376548672886e-18 3.180801325052467863e-18
6.334652199766988443e-13 5.731806861027436701e-14 2.927214571342972835e-16 1.769702073625001946e-16 1.113639677856069672e-16 6.934948358310233967e-17 4.007517743639696956e-17 1.792716813126047794e-17 7.014028283038245323e-18 2.706797598004417077e-18
5.951925357760307610e-13 5.609262061611508942e-14 1.465259022925498061e-16 9.073091803379580156e-17 5.826007339580032755e-17 3.711236776077792746e-17 2.209605446927504999e-17 1.005857458204345303e-17 5.825640148881897903e-18 2.317232182319244469e-18
5.596523709526241461e-13 5.527045236406370788e-14 7.107361613937172820e-17 4.502786918810802622e-17 2.942595470218222304e-17 1.910539357745603298e-17 1.166217464460638564e-17 5.385691295846333811e-18 4.837221496395163217e-18 1.975373850335159224e-18
5.063957572748029839e-13 5.386756218226699259e-14 2.862017455909174520e-17 1.862920509820080908e-17 1.244266532001842619e-17 8.278318291361455640e-18 5.223034797497145855e-18 2.458423016433065709e-18 3.948930807402999742e-18 1.648377919103918836e-18
4.375971218261440674e-13 5.122931017009955677e-14 1.052973383629497237e-17 7.010728501418539791e-18 4.781089535356404158e-18 3.262346701202866173e-18 2.133240903943282941e-18 1.025261063978729287e-18 3.123477522732031344e-18 1.336897121371095821e-18
3.688254265637387918e-13 4.791837472050441188e-14 4.021932627060744860e-18 2.733146697098122588e-18 1.904053683233619437e-18 1.334771214016280438e-18 9.071928692392433678e-19 4.458042724199090965e-19 2.405910763849279985e-18 1.057865383103074760e-18
3.021049455387348794e-13 4.380202060649420199e-14 1.606795544856818807e-18 1.119828364192022445e-18 8.037806096947886454e-19 5.848551137155183870e-19 4.182958409858923704e-19 2.112189361892412869e-19 1.812804173495838331e-18 8.185951027617424070e-19
2.401830344539509939e-13 3.887451009095477084e-14 6.756369981832258264e-19 4.882700672254362999e-19 3.660915599102869359e-19 2.801235473236779709e-19 2.131355588381446727e-19 1.109219042290954613e-19 1.343687071529001748e-18 6.219757301668876759e-19
1.855159754125037482e-13 3.330666033733667688e-14 2.999088043728715742e-19 2.277445486578460039e-19 1.805337979870383909e-19 1.463174233388927172e-19 1.183733838963378409e-19 6.335030410204996981e-20 9.838039394577210963e-19 4.654574364415874088e-19
1.394929346726234335e-13 2.746921370507539680e-14 1.417789343400105262e-19 1.144732819966200305e-19 9.647410663893368148e-20 8.269766966889769006e-20 7.039258040450283046e-20 3.852217615368089541e-20 7.132323379894550783e-19 3.438263613108341007e-19
1.023862212910609075e-13 2.179949203022257315e-14 7.179870082319682416e-20 6.186644546299502589e-20 5.517037547403349158e-20 4.952769116170952829e-20 4.368928061678224146e-20 2.418755403754256087e-20 5.124358696510320248e-19 2.509486536111710365e-19
7.352851766033382891e-14 1.667114459501840227e-14 3.897240563151460575e-20 3.560151092828200099e-20 3.318655157389256529e-20 3.078738250822745784e-20 2.766657208768734398e-20 1.533018419698767410e-20 3.650155118870949230e-19 1.811096850877818996e-19
5.183139281722869712e-14 1.232949960463372453e-14 2.249441783985475147e-20 2.149064056270694412e-20 2.064527666356069987e-20 1.953622722519585299e-20 1.762232497006391248e-20 9.767693014731449973e-21 2.579313297695038007e-19 1.293512095999223056e-19
3.597400928463299382e-14 8.861159026362391166e-15 1.359861268350540650e-20 1.338734889194322856e-20 1.309583863633642503e-20 1.248108875731913344e-20 1.126202768097293174e-20 6.243659896065970415e-21 1.809252080290646154e-19 9.151529323047713401e-20
2.466979551884562145e-14 6.225833628604932398e-15 8.505789287106401169e-21 8.517176814961855152e-21 8.382368297561011022e-21 7.991928880745389482e-21 7.212817763876144400e-21 3.999389820502300245e-21 1.260597435033474768e-19 6.420903180845529495e-20
1.678708550930260241e-14 4.306104724089537208e-15 5.447341464770401724e-21 5.457970751787415614e-21 5.372240271799841484e-21 5.122650431217182095e-21 4.623994391730123323e-21 2.564210518101928754e-21 8.726841079022128116e-20 4.470240337188155448e-20
1.141783525645926748e-14 2.961282533946678414e-15 3.471303942007497695e-21 3.478497187602124151e-21 3.424108421523454258e-21 3.265267385497467498e-21 2.947691850818853975e-21 1.634764736670674364e-21 5.986839158241977680e-20 3.081375710692117415e-20
8.165231383044507791e-15 2.142088843403942968e-15 2.270502651087016814e-21 2.275450971058386725e-21 2.240004892952361498e-21 2.136209312478969346e-21 1.928583778172253647e-21 1.069624147111748522e-21 4.164206272606098398e-20 2.150870220188992200e-20
5.090727246732152667e-15 1.344543823814056545e-15 1.528716617498779103e-21 1.532199497594515224e-21 1.508407206189470333e-21 1.438576498956174724e-21 1.298823181762788985e-21 7.203727922597555102e-22 2.943752109800768260e-20 1.524312181600886591e-20
3.121733764263771951e-15 8.238718619366040950e-16 1.033180851800480210e-21 1.035625200002409363e-21 1.019592141735980511e-21 9.724285428398915503e-22 8.780021140173760817e-22 4.869840850260320366e-22 2.074446843122912819e-20 1.076302836250023624e-20
1.896979559771175898e-15 4.956893473096465753e-16 7.007523507830462387e-22 7.024558139663051421e-22 6.915932087632616877e-22 6.596206703314669247e-22 5.955879903948396058e-22 3.303485131048409483e-22 1.453137485879405152e-20 7.550506165169211519e-21
1.143657346511366396e-15 2.916450983894175582e-16 4.771556082948467311e-22 4.783437675720400089e-22 4.709601291768649284e-22 4.491952078100363259e-22 4.055937934818933140e-22 2.249702081827727099e-22 1.004762618791817781e-20 5.224875839446726383e-21
6.773348711079808922e-16 1.675307893513024592e-16 2.874520304841320891e-22 2.881843158283054226e-22 2.837498098056213414e-22 2.706486400437142173e-22 2.443935986116704232e-22 1.355620663986822722e-22 6.045842550187026581e-21 3.144768883672365016e-21
0.000000000000000000e+00 0.000000000000000000e+00 0.000000000000000000e+00 0.000000000000000000e+00 0.000000000000000000e+00 0.000000000000000000e+00 0.000000000000000000e+00 0.000000000000000000e+00 0.000000000000000000e+00 0.000000000000000000e+00
