7.308422343434611353e-14 9.831957786991940964e-15 2.241838944819651755e-15 7.168704784017771378e-16 2.069790882829962957e-16 6.726452937939902651e-17 1.025853356700221334e-17 3.696590393022231420e-18
9.149100220639419042e-14 1.222617425756424488e-14 2.725923848270303766e-15 8.668671762550547629e-16 2.507225520726313935e-16 8.162664053323441959e-17 1.190799264594602663e-17 4.290863444564049554e-18
1.142911701668805731e-13 1.519985787685500211e-14 3.314206380189936534e-15 1.047308790521857791e-15 3.032179646405862411e-16 9.889514491649664615e-17 1.377933276957443178e-17 4.963639773036388343e-18
1.424264567184703159e-13 1.888329823197842698e-14 4.027957856509880238e-15 1.263922429309551063e-15 3.660075894772503712e-16 1.195762332369816654e-16 1.588579756031531519e-17 5.718754876755907528e-18
1.770167801143031291e-13 2.343194677291076328e-14 4.892298640328163462e-15 1.523421405905290223e-15 4.408671832570717508e-16 1.442588272535456442e-16 1.823257127542711487e-17 6.557898825767542146e-18
2.193591911406656243e-13 2.903028533293326359e-14 5.935752598826792443e-15 1.833432571904967963e-15 5.297699725868235429e-16 1.735872794763116787e-16 2.083238387661803938e-17 7.483089577506390900e-18
2.709113971505746883e-13 3.588511958755667897e-14 7.189725871237032639e-15 2.202288114024719510e-15 6.349497529521910832e-16 2.082874486994341582e-16 2.369243088823463440e-17 8.495969149226213400e-18
3.333766571388925348e-13 4.423506300691941616e-14 8.691475069063585697e-15 2.639984570967553600e-15 7.588120171764645064e-16 2.491339158616184365e-16 2.681137044397267517e-17 9.594427636406518231e-18
4.085470929662973105e-13 5.434232672527112699e-14 1.047790615331010592e-14 3.155791844449103338e-15 9.036235241510281255e-16 2.968666661952511685e-16 3.019014152957664005e-17 1.077781089198313186e-17
4.984935556752595850e-13 6.648065158398886939e-14 1.258953728997339128e-14 3.760649227116054911e-15 1.072046025664062777e-15 3.523720533275495232e-16 3.382029539498335432e-17 1.203708462088181834e-17
6.051378124948932641e-13 8.093051748253966861e-14 1.506467481555898627e-14 4.464545403252415512e-15 1.266523012360606867e-15 4.163598766612535501e-16 3.768330804577057519e-17 1.336312745253741697e-17
7.305971269330962451e-13 9.799206575055849734e-14 1.793740423307872451e-14 5.276190668407120354e-15 1.488804490054599463e-15 4.893917156687503612e-16 4.176302027416127195e-17 1.473994585283755625e-17
8.764633404852069745e-13 1.178768678379292283e-13 2.122905762083588087e-14 6.201264239850185196e-15 1.740114766329903641e-15 5.717889326095872389e-16 4.606991806371917554e-17 1.615257434227946698e-17
1.044074725924135949e-12 1.407691244810112526e-13 2.494379776030472747e-14 7.240237406242602615e-15 2.020761522178849446e-15 6.637331820230168890e-16 5.062596719480329413e-17 1.758589784014272937e-17
1.233766433618603070e-12 1.666182250537128561e-13 2.905244434707375835e-14 8.385836190330294188e-15 2.328338748593190932e-15 7.643171868859230382e-16 5.549496098572101819e-17 1.902396299272787438e-17
1.444713046641784194e-12 1.951995303227967202e-13 3.347975260213991466e-14 9.619133375347805576e-15 2.658734177028382419e-15 8.722613431847700705e-16 6.079238930251322210e-17 2.047810880435179572e-17
1.673887282202356400e-12 2.259577586956178145e-13 3.807944502213006569e-14 1.090585327606051828e-14 3.003758392763927237e-15 9.850030241521996277e-16 6.666083558910544082e-17 2.197418611364468756e-17
1.915781331367896969e-12 2.582210943278410519e-13 4.260944244723877104e-14 1.218765192148416409e-14 3.350246845977555383e-15 1.098644049494466674e-15 7.302213404483241147e-17 2.355978290049906102e-17
2.161400571557409988e-12 2.910436110997153023e-13 4.669500823389103134e-14 1.337842741559901878e-14 3.679110922702872318e-15 1.207427893299140319e-15 7.963173054350259078e-17 2.526458481021889408e-17
2.397936800045456916e-12 3.227766464946273738e-13 4.979164766522939527e-14 1.435267061604240678e-14 3.963524746775311051e-15 1.303610924092963912e-15 8.615767019685310635e-17 2.700764073304115070e-17
2.616409320151157894e-12 3.522310159461951661e-13 5.178129483714276637e-14 1.504893366421588321e-14 4.186010958964616294e-15 1.381316598388096010e-15 9.220596507573972889e-17 2.865849631436217478e-17
2.811068302266287758e-12 3.781176979453504492e-13 5.265260947563661978e-14 1.544354838466332615e-14 4.335277869505661202e-15 1.436162532370051720e-15 9.732218051703383270e-17 3.006898129454002301e-17
2.970221779154654430e-12 3.986739916049490558e-13 5.218374460300250495e-14 1.546426796301303165e-14 4.391229862122213516e-15 1.461583524331677173e-15 1.010624184680606123e-16 3.109283792518226993e-17
3.083697792173771412e-12 4.122319876810190538e-13 5.020707834720657929e-14 1.505604493312082673e-14 4.336866131198897897e-15 1.451912297985602993e-15 1.030888800185207721e-16 3.164145672971895451e-17
3.143491092529394429e-12 4.175665528445378968e-13 4.668248378574714883e-14 1.419425401130369512e-14 4.161829018731141889e-15 1.403522273622158938e-15 1.031527147539234703e-16 3.164105114538704437e-17
3.145076806371700299e-12 4.140313332964215759e-13 4.169350921823732450e-14 1.288737743813306092e-14 3.864122489495945205e-15 1.315369617171080288e-15 1.010389887396099334e-16 3.100558700339467136e-17
3.090369915388033494e-12 4.017772449457239620e-13 3.545949807403521126e-14 1.119053661293277858e-14 3.452169327052040965e-15 1.189410350070496230e-15 9.673388067332022024e-17 2.971954367556425699e-17
2.985750474127875517e-12 3.820372192894830816e-13 2.836392348728778318e-14 9.202677517619972268e-15 2.945716101641438877e-15 1.031258812717718249e-15 9.044367037137631437e-17 2.783909695321563484e-17
2.840964133851983258e-12 3.565443138788806763e-13 2.095581269439081669e-14 7.071364683113240092e-15 2.376711108581180529e-15 8.501010315982794868e-16 8.251816828679807578e-17 2.547065877605207833e-17
2.667503708423686471e-12 3.273816841947184770e-13 1.402676364956955657e-14 5.000824494183696058e-15 1.792022009208981473e-15 6.596446980931361807e-16 7.342681037634208108e-17 2.275488899523671893e-17
2.478995347189842873e-12 2.975836582416414143e-13 8.475105010972788445e-15 3.226637710681719716e-15 1.250850414673683473e-15 4.774723864279575642e-16 6.368457142694137456e-17 1.984593558815124074e-17
2.288102510960280990e-12 2.695748527134214591e-13 4.727027283280190450e-15 1.915790809981341239e-15 8.075500270352820136e-16 3.213506223803765622e-16 5.379771580365930596e-17 1.689765899881963820e-17
2.104581530916892772e-12 2.444176655704114797e-13 2.514312820806098612e-15 1.073156460226174818e-15 4.873939887301644764e-16 2.020652660806405489e-16 4.423190864205523304e-17 1.404748050661519617e-17
1.935577139096288624e-12 2.223743480428163057e-13 1.306374966643357068e-15 5.815340793357945597e-16 2.803966277238952874e-16 1.203126487773404083e-16 3.536803213017764310e-17 1.140469207697392551e-17
1.785122478691495014e-12 2.035599894066387516e-13 6.703569106892801088e-16 3.092022019868350092e-16 1.562677007977326500e-16 6.884258928034008360e-17 2.748962336605215378e-17 9.049900992137003680e-18
1.655479427226366112e-12 1.879203093660077156e-13 3.399947462331432376e-16 1.618433811755839805e-16 8.496142795605571768e-17 3.819498772109219671e-17 2.075595337740665495e-17 7.030222182431817141e-18
1.547110647929593008e-12 1.747748700227618210e-13 1.701290335440709589e-16 8.332217003756179177e-17 4.512580513573905844e-17 2.061068091369414503e-17 1.524858378354519192e-17 5.357200987060015454e-18
1.456992204210725035e-12 1.633641014060298736e-13 8.383805609087605894e-17 4.212602242853805939e-17 2.340970468028587805e-17 1.082759098454661299e-17 1.093927176488475406e-17 4.025308609644439891e-18
1.368064180804850329e-12 1.534871693346985196e-13 3.993200381548252323e-17 2.061890442564647837e-17 1.171828438539687242e-17 5.476174850649252765e-18 7.681713452778288627e-18 2.999255484841765436e-18
1.214787643819035421e-12 1.418758182848847142e-13 1.550068358868453861e-17 8.368147939607971329e-18 4.878782586701504862e-18 2.307557702509502854e-18 5.251228783833793997e-18 2.206771801466987593e-18
1.015056753215236158e-12 1.285046537933418087e-13 5.617005730295197645e-18 3.079974112498822144e-18 1.830112011957116326e-18 8.742537581886110518e-19 3.548695306692948661e-18 1.596572829905934230e-18
8.218663507537144373e-13 1.144382797961537192e-13 2.109622406561988920e-18 1.167815396766619745e-18 7.033094896578332643e-19 3.387943432045481335e-19 2.422562836956944742e-18 1.133624614820447394e-18
6.443964285838229278e-13 9.958988849204643879e-14 8.200320100157673274e-19 4.598306681877497063e-19 2.830549011972584366e-19 1.383743951943299455e-19 1.640414178922423656e-18 7.912638270094160020e-19
4.904153368880482881e-13 8.420157712830082709e-14 3.305523820212098230e-19 1.904096944757354741e-19 1.221534633124283661e-19 6.117990329930480497e-20 1.110778879041756777e-18 5.482405796476903384e-19
3.635906947143035355e-13 6.888764285461873998e-14 1.380156239222903472e-19 8.324980195705484899e-20 5.693608797980070289e-20 2.948306107739599735e-20 7.554780496785206086e-19 3.791410681814819748e-19
2.635337296126273017e-13 5.447511747663466932e-14 6.019637594454991676e-20 3.887643521853337803e-20 2.890204572076880276e-20 1.555274601695285449e-20 5.158969706251459374e-19 2.620771458336291452e-19
1.873672003980388034e-13 4.170305539275386501e-14 2.779719443858906452e-20 1.953652235910961046e-20 1.587190775214602343e-20 8.855282194896461270e-21 3.529039361681274512e-19 1.809156412163702537e-19
1.310177496666923783e-13 3.098792543378721260e-14 1.379655025741261544e-20 1.057660026529581674e-20 9.287035481333769560e-21 5.331301453801175671e-21 2.412897950320469333e-19 1.245709768128432045e-19
9.037975772330020432e-14 2.243633623913660468e-14 7.409384102011037474e-21 6.113424278484164973e-21 5.682789702041316968e-21 3.326465216615514595e-21 1.646616272643783635e-19 8.548125610165764621e-20
6.165852811381076697e-14 1.589568098495266301e-14 4.269370017236560464e-21 3.708289172423979806e-21 3.572834032895204601e-21 2.115868413968200991e-21 1.120833757850585589e-19 5.844063675018675528e-20
4.170821376299733013e-14 1.107581935450522122e-14 2.606171406678591430e-21 2.330632766979662016e-21 2.281939057488933878e-21 1.354031903038641514e-21 7.607011020895672532e-20 3.980251446840010213e-20
2.805386414651108072e-14 7.634943241008189065e-15 1.670507878148528312e-21 1.492866673439567455e-21 1.461873154214427155e-21 8.674753386466238528e-22 5.145730038386826795e-20 2.699820262180723197e-20
1.885667995237149986e-14 5.252081301427201334e-15 1.067862711113121800e-21 9.512044455021294389e-22 9.315524077387081204e-22 5.528015038655370594e-22 3.455146680535773494e-20 1.816956831706783111e-20
1.319309251337815356e-14 3.818670304995385291e-15 7.041078568262629519e-22 6.221100681358954397e-22 6.093144873628746905e-22 3.615880354760109732e-22 2.361872151661761426e-20 1.244078265080147686e-20
8.025773258952401058e-15 2.427068700743890361e-15 4.770157274662177378e-22 4.188487178990450340e-22 4.102606199537300709e-22 2.434721073190183343e-22 1.647375754082290316e-20 8.687155451310077016e-21
4.812141305137457332e-15 1.518053361654546087e-15 3.245225407134633770e-22 2.830636015158759116e-22 2.772797693801049780e-22 1.645544895411233424e-22 1.147914668357014070e-20 6.058555987466201567e-21
2.857810459295190748e-15 9.441344385058820721e-16 2.216697765297504973e-22 1.919789227713615752e-22 1.880658601434094053e-22 1.116112887336844462e-22 7.973044724945398581e-21 4.210779007750188650e-21
1.680262578312030285e-15 5.863206292355332524e-16 1.520783963307018600e-22 1.307190462982103585e-22 1.280608942864806952e-22 7.600164089377997805e-23 5.492074274295364752e-21 2.901724927045267389e-21
9.736957748175857733e-16 3.542710745902538520e-16 9.010552849854961052e-23 7.874179029854826104e-23 7.714471792517039807e-23 4.578463030438082976e-23 3.307713366450279868e-21 1.748170386391755024e-21
0.000000000000000000e+00 0.000000000000000000e+00 0.000000000000000000e+00 0.000000000000000000e+00 0.000000000000000000e+00 0.000000000000000000e+00 0.000000000000000000e+00 0.000000000000000000e+00
