0.000000000000000000e+00
4.911999999999999700e-02
1.005999999999999950e-01
1.547000000000000042e-01
2.114000000000000046e-01
2.708999999999999742e-01
3.332999999999999852e-01
3.987999999999999878e-01
4.675000000000000266e-01
5.395999999999999686e-01
6.151999999999999691e-01
6.945000000000000062e-01
7.778000000000000469e-01
8.650999999999999801e-01
9.566999999999999948e-01
1.052999999999999936e+00
1.153999999999999915e+00
1.258999999999999897e+00
1.370000000000000107e+00
1.487000000000000099e+00
1.608999999999999986e+00
1.737000000000000099e+00
1.870999999999999996e+00
2.012999999999999901e+00
2.160000000000000142e+00
2.315999999999999837e+00
2.479000000000000092e+00
2.649000000000000021e+00
2.829000000000000181e+00
3.016999999999999904e+00
3.213999999999999968e+00
3.420999999999999819e+00
3.637999999999999901e+00
3.866000000000000103e+00
4.105000000000000426e+00
4.355999999999999872e+00
4.618999999999999773e+00
4.894999999999999574e+00
5.184000000000000163e+00
5.488000000000000433e+00
5.807000000000000384e+00
6.141000000000000014e+00
6.491999999999999993e+00
6.858999999999999986e+00
7.246000000000000441e+00
7.650000000000000355e+00
8.074999999999999289e+00
8.521000000000000796e+00
8.989000000000000767e+00
9.478999999999999204e+00
9.993999999999999773e+00
1.052999999999999936e+01
1.109999999999999964e+01
1.168999999999999950e+01
1.232000000000000028e+01
1.297000000000000064e+01
1.366000000000000014e+01
1.438000000000000078e+01
1.513000000000000078e+01
1.592999999999999972e+01
